function init_weights = Initilize_weights()
    %TODO Add something here so that this only ever runs once.
        init_weights = [[0.000,0.000,0.000,0.000];
                        [0.000,0.000,0.000,0.000];
                        [0.000,0.000,0.000,0.000];
                        [0.000,0.000,0.000,0.000];
                        [0.020,0.020,0.020,0.020];
                        [0.010,0.010,0.010,0.010];
                        [0.022,0.022,0.022,0.022]];
end